data <- 1:10
data
